7 0.351562 0.445833 0.034375 0.033333
7 0.360938 0.433333 0.012500 0.014583
7 0.354687 0.479167 0.057813 0.060417
7 0.176563 0.433333 0.012500 0.012500
7 0.681250 0.439583 0.018750 0.018750
7 0.232813 0.431250 0.009375 0.008333
7 0.179688 0.433333 0.012500 0.012500
7 0.375000 0.437500 0.017188 0.018750
7 0.701562 0.472917 0.051562 0.054167
7 0.853125 0.570833 0.145313 0.154167
7 0.210938 0.441667 0.020313 0.020833
7 0.685937 0.435417 0.014063 0.012500
7 0.659375 0.506250 0.082812 0.087500
7 0.292187 0.431250 0.010937 0.010417
7 0.673438 0.447917 0.026562 0.027083
7 0.192188 0.433333 0.012500 0.010417
7 0.654687 0.443750 0.023438 0.022917
7 0.732812 0.470833 0.048438 0.050000
7 0.007812 0.435417 0.014063 0.016667
7 0.570312 0.435417 0.015625 0.016667
7 0.267188 0.439583 0.018750 0.020833
