7 0.996875 0.529167 0.001563 0.045833
7 0.112500 0.487500 0.035937 0.037500
7 0.000000 0.500000 0.023438 0.045833
7 0.128125 0.450000 0.015625 0.014583
7 0.168750 0.502083 0.045312 0.045833
7 0.079687 0.452083 0.017188 0.018750
7 0.517188 0.477083 0.029687 0.033333
7 0.393750 0.502083 0.043750 0.045833
7 0.353125 0.460417 0.020313 0.022917
7 0.776563 0.508333 0.048438 0.050000
7 0.307812 0.447917 0.015625 0.016667
7 0.025000 0.525000 0.057813 0.060417
7 0.325000 0.452083 0.017188 0.018750
7 0.442188 0.512500 0.050000 0.050000
7 0.064062 0.487500 0.037500 0.037500
