7 0.520312 0.472917 0.039062 0.041667
7 0.492188 0.452083 0.021875 0.022917
7 0.345313 0.452083 0.021875 0.020833
7 0.034375 0.445833 0.018750 0.020833
7 0.246875 0.439583 0.012500 0.012500
7 0.682813 0.693750 0.198437 0.143750
7 0.604688 0.445833 0.017188 0.018750
7 0.701562 0.445833 0.017188 0.016667
7 0.754687 0.520833 0.071875 0.077083
7 0.489063 0.443750 0.015625 0.014583
7 0.643750 0.441667 0.015625 0.016667
7 0.300000 0.693750 0.198437 0.143750
7 0.470313 0.454167 0.025000 0.027083
7 0.325000 0.435417 0.010937 0.012500
7 0.131250 0.439583 0.012500 0.012500
7 0.262500 0.441667 0.015625 0.014583
