7 0.453125 0.443750 0.025000 0.025000
7 0.082812 0.454167 0.035937 0.035417
7 0.060937 0.437500 0.017188 0.016667
7 0.345313 0.431250 0.010937 0.012500
7 0.501563 0.454167 0.035937 0.035417
7 0.196875 0.447917 0.029687 0.031250
7 0.643750 0.435417 0.015625 0.016667
7 0.459375 0.506250 0.089063 0.091667
7 0.085938 0.462500 0.045312 0.045833
7 0.010937 0.443750 0.023438 0.022917
7 0.082812 0.437500 0.018750 0.020833
7 0.025000 0.435417 0.017188 0.018750
7 0.250000 0.431250 0.012500 0.012500
7 0.859375 0.441667 0.020313 0.020833
7 0.678125 0.439583 0.020313 0.020833
7 0.281250 0.479167 0.059375 0.062500
7 0.329688 0.431250 0.010937 0.010417
7 0.067187 0.443750 0.023438 0.025000
7 0.159375 0.439583 0.021875 0.020833
7 0.290625 0.450000 0.031250 0.033333
7 0.104688 0.435417 0.017188 0.016667
7 0.864062 0.447917 0.029687 0.031250
7 0.226562 0.433333 0.012500 0.012500
7 0.723437 0.439583 0.020313 0.020833
7 0.214062 0.439583 0.020313 0.020833
7 0.295312 0.456250 0.037500 0.037500
7 0.045312 0.445833 0.026562 0.027083
