7 0.532813 0.441667 0.015625 0.016667
7 0.185938 0.445833 0.018750 0.020833
7 0.614062 0.447917 0.020313 0.020833
7 0.679688 0.468750 0.034375 0.035417
7 0.710938 0.441667 0.014063 0.014583
7 0.307812 0.441667 0.014063 0.014583
7 0.640625 0.441667 0.014063 0.014583
7 0.431250 0.443750 0.017188 0.018750
7 0.648438 0.502083 0.059375 0.060417
7 0.018750 0.450000 0.020313 0.020833
7 0.571875 0.462500 0.029687 0.029167
7 0.407813 0.439583 0.014063 0.012500
7 0.717187 0.508333 0.062500 0.064583
7 0.331250 0.450000 0.020313 0.020833
7 0.126562 0.447917 0.018750 0.020833
