7 0.698438 0.456250 0.037500 0.039583
7 0.253125 0.456250 0.039062 0.041667
7 0.320312 0.435417 0.015625 0.014583
7 0.573438 0.433333 0.014063 0.012500
7 0.790625 0.485417 0.071875 0.075000
7 0.371875 0.454167 0.034375 0.035417
7 0.196875 0.472917 0.056250 0.058333
7 0.262500 0.439583 0.021875 0.022917
7 0.328125 0.437500 0.017188 0.016667
7 0.300000 0.433333 0.015625 0.014583
7 0.006250 0.443750 0.025000 0.025000
7 0.482812 0.431250 0.012500 0.012500
7 0.257812 0.545833 0.134375 0.141667
7 0.559375 0.431250 0.012500 0.012500
7 0.293750 0.441667 0.023438 0.025000
7 0.378125 0.439583 0.021875 0.020833
7 0.457813 0.460417 0.042188 0.045833
7 0.354687 0.433333 0.014063 0.016667
7 0.459375 0.431250 0.012500 0.014583
7 0.423438 0.441667 0.021875 0.022917
7 0.440625 0.472917 0.054688 0.056250
7 0.271875 0.443750 0.025000 0.027083
