7 0.356250 0.447917 0.014063 0.014583
7 0.204687 0.520833 0.054688 0.056250
7 0.248438 0.545833 0.067187 0.070833
7 0.350000 0.447917 0.014063 0.012500
7 0.534375 0.454167 0.018750 0.018750
7 0.604688 0.466667 0.026562 0.027083
7 0.154688 0.504167 0.045312 0.047917
7 0.000000 0.527083 0.009375 0.058333
7 0.159375 0.485417 0.035937 0.035417
7 0.479687 0.708333 0.156250 0.129167
7 0.442188 0.475000 0.029687 0.031250
7 0.900000 0.525000 0.056250 0.058333
7 0.373437 0.447917 0.014063 0.014583
7 0.084375 0.470833 0.028125 0.029167
7 0.167187 0.627083 0.112500 0.118750
7 0.775000 0.466667 0.025000 0.025000
7 0.304688 0.443750 0.012500 0.012500
7 0.704688 0.466667 0.025000 0.025000
7 0.604688 0.458333 0.018750 0.020833
7 0.228125 0.579167 0.087500 0.089583
