7 0.653125 0.441667 0.018750 0.018750
7 0.346875 0.775000 0.254688 0.062500
7 0.000000 0.512500 0.014063 0.070833
7 0.865625 0.506250 0.060937 0.064583
7 0.595313 0.464583 0.031250 0.031250
7 0.070312 0.456250 0.025000 0.025000
7 0.320312 0.466667 0.032813 0.033333
7 0.675000 0.460417 0.028125 0.029167
7 0.462500 0.454167 0.025000 0.025000
7 0.737500 0.525000 0.076563 0.079167
7 0.592187 0.547917 0.090625 0.095833
7 0.500000 0.445833 0.018750 0.016667
7 0.464062 0.447917 0.018750 0.018750
7 0.087500 0.454167 0.023438 0.025000
7 0.362500 0.447917 0.018750 0.018750
7 0.635938 0.514583 0.068750 0.070833
