10 0.926562 0.533333 0.039062 0.093750
4 0.478125 0.450000 0.021875 0.022917
4 0.221875 0.443750 0.003125 0.014583
10 0.559375 0.458333 0.010937 0.025000
10 0.506250 0.458333 0.010937 0.025000
4 0.907813 0.450000 0.018750 0.018750
10 0.581250 0.454167 0.007812 0.020833
10 0.535937 0.458333 0.009375 0.025000
4 0.731250 0.552083 0.084375 0.089583
4 0.000000 0.481250 0.001563 0.035417
10 0.312500 0.489583 0.018750 0.047917
4 0.906250 0.479167 0.037500 0.037500
10 0.203125 0.533333 0.031250 0.075000
4 0.414062 0.537500 0.075000 0.079167
4 0.643750 0.462500 0.026562 0.027083
4 0.000000 0.477083 0.034375 0.037500
4 0.637500 0.445833 0.015625 0.014583
4 0.734375 0.450000 0.018750 0.018750
4 0.645312 0.460417 0.025000 0.027083
