7 0.270313 0.443750 0.025000 0.022917
7 0.660937 0.441667 0.021875 0.022917
7 0.000000 0.610417 0.001563 0.141667
7 0.092188 0.458333 0.042188 0.041667
7 0.254688 0.447917 0.029687 0.031250
7 0.253125 0.439583 0.021875 0.022917
7 0.525000 0.435417 0.017188 0.018750
7 0.635938 0.437500 0.020313 0.020833
7 0.093750 0.468750 0.051562 0.052083
7 0.301563 0.458333 0.040625 0.043750
7 0.325000 0.441667 0.023438 0.022917
7 0.485938 0.437500 0.020313 0.020833
7 0.370312 0.464583 0.046875 0.047917
7 0.004687 0.475000 0.059375 0.062500
