7 0.467187 0.477083 0.031250 0.033333
7 0.267188 0.464583 0.025000 0.025000
7 0.604688 0.460417 0.021875 0.020833
7 0.714063 0.464583 0.025000 0.022917
7 0.514062 0.450000 0.015625 0.016667
7 0.190625 0.447917 0.014063 0.014583
7 0.368750 0.452083 0.015625 0.016667
7 0.825000 0.458333 0.021875 0.022917
7 0.559375 0.447917 0.014063 0.014583
7 0.439063 0.445833 0.014063 0.014583
7 0.107813 0.447917 0.014063 0.016667
7 0.071875 0.470833 0.026562 0.027083
7 0.551562 0.462500 0.023438 0.025000
7 0.503125 0.466667 0.026562 0.025000
7 0.457813 0.441667 0.010937 0.010417
7 0.623437 0.470833 0.028125 0.029167
7 0.245312 0.479167 0.032813 0.033333
7 0.434375 0.441667 0.010937 0.012500
7 0.845313 0.466667 0.025000 0.025000
7 0.196875 0.447917 0.014063 0.014583
7 0.365625 0.443750 0.012500 0.012500
7 0.584375 0.477083 0.031250 0.033333
7 0.181250 0.477083 0.029687 0.031250
7 0.521875 0.462500 0.021875 0.022917
