10 0.837500 0.527083 0.045312 0.106250
4 0.293750 0.450000 0.026562 0.027083
10 0.393750 0.450000 0.010937 0.027083
10 0.329688 0.450000 0.012500 0.029167
4 0.707812 0.437500 0.010937 0.014583
10 0.417187 0.443750 0.009375 0.025000
10 0.365625 0.450000 0.010937 0.029167
4 0.870313 0.452083 0.029687 0.031250
4 0.637500 0.535417 0.110937 0.116667
10 0.004687 0.493750 0.031250 0.072917
4 0.726562 0.456250 0.034375 0.035417
4 0.159375 0.552083 0.128125 0.135417
4 0.485938 0.450000 0.028125 0.029167
4 0.473438 0.437500 0.015625 0.014583
4 0.565625 0.439583 0.018750 0.018750
4 0.485938 0.447917 0.026562 0.029167
