7 0.065625 0.454167 0.018750 0.020833
7 0.565625 0.447917 0.015625 0.016667
7 0.004687 0.452083 0.017188 0.016667
7 0.650000 0.500000 0.045312 0.047917
7 0.651563 0.454167 0.020313 0.020833
7 0.232813 0.441667 0.010937 0.010417
7 0.817187 0.456250 0.020313 0.020833
7 0.650000 0.456250 0.020313 0.018750
7 0.279687 0.518750 0.054688 0.056250
7 0.312500 0.441667 0.010937 0.010417
7 0.053125 0.464583 0.025000 0.025000
7 0.103125 0.464583 0.025000 0.027083
7 0.145313 0.456250 0.020313 0.020833
7 0.279687 0.475000 0.029687 0.031250
7 0.087500 0.450000 0.015625 0.016667
7 0.815625 0.470833 0.028125 0.027083
7 0.209375 0.443750 0.012500 0.012500
7 0.692187 0.456250 0.018750 0.018750
7 0.528125 0.447917 0.015625 0.014583
7 0.200000 0.456250 0.020313 0.020833
7 0.285938 0.483333 0.034375 0.035417
7 0.034375 0.466667 0.025000 0.027083
