7 0.159375 0.487500 0.043750 0.045833
7 0.004687 0.497917 0.051562 0.054167
7 0.146875 0.447917 0.017188 0.016667
7 0.271875 0.443750 0.015625 0.016667
7 0.164062 0.514583 0.060937 0.064583
7 0.228125 0.445833 0.015625 0.016667
7 0.671875 0.495833 0.050000 0.050000
7 0.448437 0.537500 0.076563 0.079167
7 0.464062 0.460417 0.026562 0.027083
7 0.434375 0.445833 0.015625 0.016667
7 0.129688 0.445833 0.017188 0.018750
7 0.000000 0.556250 0.003125 0.077083
7 0.446875 0.450000 0.018750 0.020833
7 0.515625 0.570833 0.098437 0.102083
7 0.120313 0.485417 0.042188 0.043750
