7 0.776563 0.464583 0.025000 0.025000
7 0.484375 0.462500 0.023438 0.025000
7 0.459375 0.441667 0.012500 0.012500
7 0.662500 0.441667 0.012500 0.010417
7 0.203125 0.447917 0.015625 0.016667
7 0.828125 0.483333 0.035937 0.037500
7 0.550000 0.460417 0.021875 0.022917
7 0.128125 0.450000 0.017188 0.016667
7 0.760938 0.543750 0.070312 0.072917
7 0.490625 0.472917 0.029687 0.029167
7 0.439063 0.447917 0.014063 0.014583
7 0.473438 0.443750 0.012500 0.014583
7 0.275000 0.468750 0.026562 0.027083
7 0.440625 0.441667 0.010937 0.010417
7 0.279687 0.450000 0.015625 0.016667
7 0.581250 0.437500 0.009375 0.010417
7 0.618750 0.497917 0.045312 0.047917
7 0.648438 0.439583 0.010937 0.010417
7 0.468750 0.450000 0.015625 0.016667
7 0.003125 0.460417 0.023438 0.025000
7 0.521875 0.447917 0.014063 0.014583
7 0.618750 0.466667 0.026562 0.027083
7 0.023438 0.464583 0.025000 0.025000
7 0.484375 0.441667 0.012500 0.010417
7 0.564063 0.439583 0.009375 0.010417
7 0.557813 0.450000 0.015625 0.016667
7 0.625000 0.472917 0.029687 0.031250
7 0.457813 0.452083 0.018750 0.018750
