4 0.976562 0.502083 0.021875 0.060417
4 0.148438 0.441667 0.006250 0.016667
10 0.496875 0.452083 0.009375 0.022917
10 0.446875 0.452083 0.007812 0.022917
4 0.800000 0.441667 0.015625 0.016667
10 0.517188 0.447917 0.007812 0.020833
10 0.473438 0.452083 0.009375 0.025000
4 0.951562 0.462500 0.029687 0.029167
4 0.629687 0.514583 0.067187 0.068750
10 0.260937 0.479167 0.018750 0.043750
4 0.787500 0.464583 0.031250 0.031250
10 0.165625 0.512500 0.029687 0.068750
4 0.367188 0.510417 0.065625 0.068750
4 0.571875 0.454167 0.025000 0.025000
4 0.568750 0.439583 0.014063 0.014583
4 0.654687 0.443750 0.010937 0.018750
4 0.573438 0.452083 0.023438 0.025000
