7 0.246875 0.495833 0.046875 0.050000
7 0.098437 0.504167 0.053125 0.054167
7 0.281250 0.445833 0.015625 0.016667
7 0.390625 0.443750 0.015625 0.016667
7 0.214062 0.537500 0.075000 0.077083
7 0.350000 0.445833 0.017188 0.016667
7 0.903125 0.539583 0.075000 0.079167
7 0.546875 0.612500 0.123438 0.129167
7 0.098437 0.447917 0.017188 0.018750
7 0.584375 0.468750 0.031250 0.033333
7 0.032813 0.450000 0.018750 0.018750
7 0.551562 0.450000 0.018750 0.018750
7 0.267188 0.445833 0.015625 0.016667
7 0.000000 0.572917 0.029687 0.100000
7 0.565625 0.454167 0.021875 0.022917
7 0.667188 0.733333 0.201563 0.104167
7 0.215625 0.489583 0.043750 0.045833
