7 0.353125 0.447917 0.018750 0.018750
7 0.531250 0.495833 0.051562 0.054167
7 0.771875 0.497917 0.053125 0.056250
7 0.289062 0.470833 0.034375 0.035417
7 0.831250 0.470833 0.034375 0.035417
7 0.375000 0.462500 0.028125 0.029167
7 0.107813 0.466667 0.031250 0.033333
7 0.434375 0.527083 0.071875 0.075000
7 0.281250 0.577083 0.107813 0.110417
7 0.167187 0.452083 0.021875 0.022917
7 0.746875 0.570833 0.101562 0.106250
7 0.110937 0.456250 0.025000 0.027083
7 0.959375 0.489583 0.039062 0.050000
7 0.862500 0.720833 0.135937 0.116667
7 0.334375 0.527083 0.073438 0.077083
