7 0.318750 0.429167 0.014063 0.012500
7 0.221875 0.460417 0.043750 0.043750
7 0.270313 0.466667 0.050000 0.052083
7 0.314063 0.433333 0.012500 0.012500
7 0.485938 0.435417 0.017188 0.016667
7 0.546875 0.439583 0.021875 0.022917
7 0.168750 0.456250 0.037500 0.039583
7 0.909375 0.454167 0.034375 0.035417
7 0.010937 0.464583 0.046875 0.047917
7 0.898438 0.447917 0.028125 0.029167
7 0.157812 0.447917 0.031250 0.033333
7 0.451562 0.497917 0.081250 0.085417
7 0.496875 0.712500 0.312500 0.125000
7 0.406250 0.443750 0.025000 0.027083
7 0.743750 0.458333 0.040625 0.041667
7 0.335938 0.433333 0.012500 0.012500
7 0.071875 0.443750 0.025000 0.027083
7 0.250000 0.485417 0.070312 0.075000
7 0.687500 0.439583 0.020313 0.020833
7 0.265625 0.431250 0.012500 0.012500
7 0.631250 0.439583 0.020313 0.020833
7 0.546875 0.437500 0.018750 0.016667
7 0.271875 0.475000 0.057813 0.062500
