7 0.182812 0.450000 0.031250 0.033333
7 0.315625 0.439583 0.020313 0.018750
7 0.410938 0.437500 0.018750 0.020833
7 0.207813 0.435417 0.017188 0.018750
7 0.000000 0.441667 0.015625 0.022917
7 0.485938 0.435417 0.015625 0.014583
7 0.257812 0.435417 0.015625 0.014583
7 0.100000 0.435417 0.017188 0.018750
7 0.725000 0.439583 0.021875 0.022917
7 0.821875 0.447917 0.031250 0.031250
7 0.264062 0.441667 0.023438 0.022917
7 0.214062 0.443750 0.025000 0.027083
7 0.120313 0.433333 0.012500 0.012500
7 0.339062 0.443750 0.025000 0.025000
7 0.085938 0.433333 0.015625 0.016667
7 0.500000 0.437500 0.017188 0.018750
7 0.643750 0.439583 0.020313 0.022917
7 0.307812 0.447917 0.028125 0.029167
7 0.229687 0.441667 0.023438 0.025000
