7 0.190625 0.464583 0.025000 0.025000
7 0.096875 0.441667 0.012500 0.012500
7 0.275000 0.441667 0.012500 0.012500
7 0.326562 0.445833 0.012500 0.012500
7 0.082812 0.462500 0.023438 0.022917
7 0.478125 0.485417 0.035937 0.037500
7 0.504687 0.447917 0.015625 0.016667
7 0.000000 0.468750 0.025000 0.027083
7 0.512500 0.443750 0.014063 0.014583
7 0.039062 0.458333 0.020313 0.022917
7 0.307812 0.468750 0.026562 0.027083
7 0.345313 0.481250 0.034375 0.035417
7 0.229687 0.450000 0.015625 0.016667
7 0.576562 0.483333 0.035937 0.037500
7 0.429688 0.452083 0.017188 0.018750
7 0.123438 0.441667 0.012500 0.012500
7 0.215625 0.468750 0.026562 0.029167
7 0.417187 0.441667 0.012500 0.012500
7 0.150000 0.483333 0.035937 0.037500
7 0.029687 0.441667 0.010937 0.010417
7 0.381250 0.443750 0.012500 0.012500
7 0.465625 0.497917 0.043750 0.043750
7 0.343750 0.652083 0.134375 0.139583
7 0.325000 0.441667 0.010937 0.012500
7 0.031250 0.487500 0.039062 0.039583
7 0.207813 0.466667 0.026562 0.027083
