7 0.815625 0.516667 0.053125 0.054167
7 0.246875 0.506250 0.046875 0.050000
7 0.364063 0.452083 0.017188 0.016667
7 0.639062 0.450000 0.015625 0.014583
7 0.389062 0.500000 0.043750 0.043750
7 0.134375 0.556250 0.073438 0.075000
7 0.295312 0.464583 0.023438 0.022917
7 0.368750 0.456250 0.018750 0.018750
7 0.345313 0.450000 0.015625 0.014583
7 0.040625 0.468750 0.025000 0.025000
7 0.539062 0.443750 0.012500 0.014583
7 0.623437 0.445833 0.014063 0.014583
7 0.323437 0.468750 0.026562 0.029167
7 0.418750 0.464583 0.021875 0.022917
7 0.485938 0.525000 0.057813 0.058333
7 0.400000 0.450000 0.015625 0.016667
7 0.510938 0.447917 0.014063 0.012500
7 0.465625 0.466667 0.025000 0.027083
7 0.450000 0.564583 0.078125 0.081250
7 0.296875 0.472917 0.028125 0.031250
