7 0.242188 0.460417 0.026562 0.027083
7 0.284375 0.470833 0.028125 0.029167
7 0.246875 0.441667 0.010937 0.010417
7 0.401562 0.443750 0.012500 0.012500
7 0.446875 0.447917 0.015625 0.016667
7 0.193750 0.464583 0.023438 0.027083
7 0.620313 0.531250 0.062500 0.064583
7 0.654687 0.456250 0.018750 0.020833
7 0.104688 0.472917 0.029687 0.029167
7 0.664062 0.452083 0.015625 0.016667
7 0.164062 0.460417 0.021875 0.022917
7 0.398438 0.483333 0.034375 0.035417
7 0.425000 0.510417 0.050000 0.052083
7 0.345313 0.454167 0.018750 0.016667
7 0.803125 0.537500 0.064062 0.068750
7 0.557813 0.460417 0.021875 0.022917
7 0.268750 0.441667 0.010937 0.010417
7 0.070312 0.456250 0.020313 0.020833
7 0.296875 0.481250 0.032813 0.033333
7 0.546875 0.445833 0.014063 0.014583
7 0.196875 0.502083 0.045312 0.047917
7 0.196875 0.439583 0.010937 0.010417
7 0.507812 0.447917 0.014063 0.012500
7 0.598437 0.568750 0.082812 0.083333
7 0.448437 0.443750 0.014063 0.014583
7 0.068750 0.504167 0.046875 0.050000
7 0.296875 0.477083 0.029687 0.031250
