7 0.120313 0.487500 0.048438 0.050000
7 0.000000 0.508333 0.000000 0.045833
7 0.131250 0.445833 0.017188 0.016667
7 0.260937 0.441667 0.017188 0.016667
7 0.107813 0.516667 0.070312 0.072917
7 0.215625 0.443750 0.017188 0.018750
7 0.679688 0.493750 0.053125 0.056250
7 0.423438 0.543750 0.090625 0.093750
7 0.457813 0.458333 0.028125 0.029167
7 0.428125 0.443750 0.017188 0.018750
7 0.114062 0.445833 0.017188 0.016667
7 0.440625 0.447917 0.020313 0.020833
7 0.496875 0.585417 0.120313 0.125000
7 0.079687 0.483333 0.045312 0.047917
