7 0.009375 0.443750 0.032813 0.033333
7 0.114062 0.441667 0.020313 0.020833
7 0.225000 0.439583 0.018750 0.018750
7 0.456250 0.583333 0.162500 0.168750
7 0.292187 0.435417 0.014063 0.014583
7 0.004687 0.437500 0.018750 0.018750
7 0.495312 0.435417 0.015625 0.016667
7 0.556250 0.439583 0.020313 0.018750
7 0.062500 0.443750 0.023438 0.025000
7 0.010937 0.447917 0.026562 0.027083
7 0.164062 0.443750 0.023438 0.025000
7 0.310937 0.435417 0.015625 0.016667
7 0.437500 0.437500 0.017188 0.016667
7 0.506250 0.510417 0.090625 0.093750
7 0.143750 0.447917 0.028125 0.027083
7 0.015625 0.445833 0.025000 0.025000
