7 0.482812 0.435417 0.017188 0.016667
7 0.575000 0.475000 0.056250 0.058333
7 0.573438 0.439583 0.020313 0.020833
7 0.090625 0.433333 0.014063 0.014583
7 0.737500 0.439583 0.020313 0.020833
7 0.571875 0.439583 0.020313 0.022917
7 0.010937 0.504167 0.087500 0.091667
7 0.193750 0.433333 0.014063 0.012500
7 0.100000 0.458333 0.040625 0.041667
7 0.743750 0.447917 0.029687 0.031250
7 0.054688 0.435417 0.015625 0.016667
7 0.614062 0.439583 0.020313 0.020833
7 0.442188 0.435417 0.017188 0.016667
7 0.018750 0.445833 0.025000 0.025000
7 0.095312 0.466667 0.048438 0.050000
