7 0.385937 0.670833 0.190625 0.166667
7 0.000000 0.500000 0.054688 0.064583
7 0.839063 0.495833 0.056250 0.058333
7 0.590625 0.460417 0.029687 0.031250
7 0.084375 0.452083 0.025000 0.025000
7 0.328125 0.462500 0.031250 0.031250
7 0.668750 0.456250 0.028125 0.027083
7 0.464062 0.452083 0.023438 0.022917
7 0.717187 0.510417 0.068750 0.070833
7 0.582812 0.529167 0.081250 0.083333
7 0.500000 0.443750 0.017188 0.016667
7 0.464062 0.445833 0.018750 0.018750
7 0.101562 0.450000 0.021875 0.025000
7 0.365625 0.445833 0.018750 0.018750
7 0.625000 0.502083 0.062500 0.064583
