7 0.232813 0.456250 0.037500 0.037500
7 0.117188 0.460417 0.042188 0.043750
7 0.181250 0.435417 0.015625 0.016667
7 0.293750 0.433333 0.014063 0.014583
7 0.259375 0.466667 0.048438 0.052083
7 0.254688 0.435417 0.015625 0.014583
7 0.660937 0.458333 0.039062 0.041667
7 0.489063 0.475000 0.056250 0.060417
7 0.479687 0.443750 0.023438 0.022917
7 0.446875 0.435417 0.015625 0.014583
7 0.165625 0.435417 0.015625 0.016667
7 0.104688 0.479167 0.060937 0.062500
7 0.460938 0.437500 0.017188 0.018750
7 0.543750 0.487500 0.067187 0.070833
7 0.196875 0.454167 0.035937 0.037500
