7 0.432812 0.629167 0.114062 0.118750
7 0.084375 0.512500 0.050000 0.052083
7 0.782813 0.506250 0.046875 0.050000
7 0.582812 0.470833 0.026562 0.027083
7 0.118750 0.460417 0.021875 0.022917
7 0.346875 0.472917 0.026562 0.029167
7 0.654687 0.466667 0.023438 0.025000
7 0.467187 0.460417 0.021875 0.022917
7 0.015625 0.460417 0.021875 0.020833
7 0.675000 0.520833 0.054688 0.058333
7 0.564063 0.537500 0.064062 0.064583
7 0.500000 0.450000 0.017188 0.016667
7 0.937500 0.585417 0.060937 0.093750
7 0.467187 0.452083 0.017188 0.018750
7 0.132812 0.460417 0.020313 0.020833
7 0.375000 0.452083 0.017188 0.018750
7 0.884375 0.658333 0.114062 0.135417
7 0.603125 0.514583 0.051562 0.052083
