7 0.496875 0.456250 0.039062 0.039583
7 0.290625 0.445833 0.026562 0.027083
7 0.668750 0.443750 0.026562 0.027083
7 0.807813 0.450000 0.029687 0.029167
7 0.565625 0.437500 0.017188 0.018750
7 0.234375 0.435417 0.015625 0.014583
7 0.407813 0.437500 0.017188 0.018750
7 0.954688 0.445833 0.026562 0.027083
7 0.617188 0.435417 0.015625 0.018750
7 0.484375 0.435417 0.015625 0.014583
7 0.157812 0.435417 0.015625 0.014583
7 0.089063 0.447917 0.029687 0.031250
7 0.604688 0.445833 0.028125 0.029167
7 0.546875 0.447917 0.029687 0.031250
7 0.507812 0.431250 0.010937 0.012500
7 0.690625 0.454167 0.035937 0.035417
7 0.248438 0.456250 0.037500 0.037500
7 0.000000 0.435417 0.014063 0.016667
7 0.482812 0.433333 0.012500 0.012500
7 0.990625 0.452083 0.007812 0.033333
7 0.242188 0.435417 0.014063 0.014583
7 0.412500 0.433333 0.012500 0.012500
7 0.642188 0.458333 0.039062 0.041667
7 0.185938 0.454167 0.034375 0.033333
7 0.568750 0.445833 0.026562 0.027083
