7 0.489063 0.443750 0.021875 0.022917
7 0.446875 0.429167 0.009375 0.010417
7 0.578125 0.431250 0.010937 0.012500
7 0.623437 0.435417 0.014063 0.014583
7 0.151562 0.443750 0.021875 0.022917
7 0.418750 0.439583 0.018750 0.020833
7 0.787500 0.475000 0.054688 0.056250
7 0.850000 0.441667 0.021875 0.022917
7 0.212500 0.437500 0.017188 0.018750
7 0.364063 0.441667 0.020313 0.020833
7 0.864062 0.439583 0.018750 0.018750
7 0.395313 0.437500 0.017188 0.016667
7 0.584375 0.450000 0.029687 0.031250
7 0.612500 0.462500 0.039062 0.041667
7 0.531250 0.437500 0.015625 0.014583
7 0.984375 0.485417 0.014063 0.064583
7 0.735938 0.443750 0.021875 0.020833
7 0.462500 0.431250 0.010937 0.008333
7 0.331250 0.435417 0.015625 0.014583
7 0.501563 0.447917 0.026562 0.027083
7 0.726562 0.435417 0.015625 0.014583
7 0.439063 0.454167 0.032813 0.035417
7 0.407813 0.429167 0.007812 0.008333
7 0.684375 0.435417 0.014063 0.014583
7 0.760938 0.487500 0.064062 0.068750
7 0.000000 0.437500 0.010937 0.018750
7 0.320312 0.712500 0.284375 0.125000
7 0.623437 0.433333 0.012500 0.012500
7 0.360938 0.454167 0.031250 0.031250
7 0.500000 0.445833 0.023438 0.025000
