7 0.479687 0.510417 0.048438 0.050000
7 0.242188 0.477083 0.031250 0.033333
7 0.687500 0.475000 0.029687 0.031250
7 0.857812 0.487500 0.035937 0.037500
7 0.565625 0.458333 0.020313 0.020833
7 0.201563 0.452083 0.017188 0.016667
7 0.389062 0.458333 0.020313 0.020833
7 0.621875 0.456250 0.018750 0.018750
7 0.476562 0.452083 0.017188 0.016667
7 0.118750 0.452083 0.015625 0.016667
7 0.000000 0.485417 0.031250 0.035417
7 0.612500 0.481250 0.032813 0.033333
7 0.543750 0.487500 0.035937 0.035417
7 0.503125 0.445833 0.012500 0.012500
7 0.721875 0.500000 0.043750 0.045833
7 0.168750 0.506250 0.045312 0.047917
7 0.475000 0.447917 0.014063 0.012500
7 0.210938 0.452083 0.015625 0.016667
7 0.400000 0.447917 0.012500 0.012500
7 0.664062 0.514583 0.051562 0.054167
7 0.095312 0.500000 0.042188 0.043750
7 0.570312 0.479167 0.031250 0.031250
