4 0.576562 0.479167 0.040625 0.041667
10 0.150000 0.460417 0.010937 0.027083
10 0.068750 0.462500 0.012500 0.031250
4 0.465625 0.439583 0.012500 0.012500
10 0.178125 0.454167 0.009375 0.022917
10 0.114062 0.460417 0.012500 0.031250
4 0.560937 0.450000 0.021875 0.022917
4 0.325000 0.514583 0.067187 0.068750
4 0.457813 0.458333 0.025000 0.027083
4 0.000000 0.550000 0.035937 0.097917
4 0.251563 0.458333 0.026562 0.027083
4 0.245312 0.443750 0.017188 0.014583
4 0.340625 0.443750 0.014063 0.016667
4 0.253125 0.456250 0.025000 0.025000
