7 0.015625 0.445833 0.020313 0.022917
7 0.620313 0.439583 0.017188 0.018750
7 0.275000 0.441667 0.018750 0.018750
7 0.715625 0.445833 0.021875 0.022917
7 0.810937 0.468750 0.042188 0.043750
7 0.000000 0.493750 0.018750 0.064583
7 0.826562 0.439583 0.017188 0.016667
7 0.389062 0.437500 0.014063 0.014583
7 0.742188 0.439583 0.015625 0.016667
7 0.512500 0.441667 0.018750 0.018750
7 0.801562 0.510417 0.076563 0.079167
7 0.131250 0.443750 0.020313 0.018750
7 0.673438 0.460417 0.032813 0.035417
7 0.487500 0.437500 0.014063 0.012500
7 0.906250 0.520833 0.084375 0.087500
7 0.410938 0.445833 0.021875 0.020833
7 0.223438 0.441667 0.018750 0.020833
