7 0.431250 0.489583 0.037500 0.039583
7 0.468750 0.445833 0.014063 0.014583
7 0.390625 0.554167 0.075000 0.079167
7 0.304688 0.441667 0.012500 0.012500
7 0.850000 0.464583 0.023438 0.025000
7 0.356250 0.437500 0.009375 0.010417
7 0.306250 0.441667 0.012500 0.012500
7 0.478125 0.454167 0.018750 0.018750
7 0.000000 0.485417 0.028125 0.037500
7 0.092188 0.475000 0.031250 0.033333
7 0.912500 0.568750 0.084375 0.087500
7 0.318750 0.456250 0.020313 0.020833
7 0.853125 0.452083 0.017188 0.018750
7 0.864062 0.716667 0.134375 0.120833
7 0.407813 0.439583 0.010937 0.010417
7 0.840625 0.483333 0.035937 0.037500
7 0.320312 0.441667 0.010937 0.010417
7 0.812500 0.472917 0.029687 0.031250
7 0.965625 0.558333 0.032813 0.083333
7 0.168750 0.445833 0.012500 0.012500
7 0.014063 0.470833 0.028125 0.029167
7 0.700000 0.452083 0.017188 0.018750
7 0.371875 0.456250 0.018750 0.018750
7 0.048438 0.485417 0.035937 0.037500
