7 0.662500 0.435417 0.015625 0.016667
7 0.453125 0.479167 0.064062 0.066667
7 0.467187 0.506250 0.092188 0.095833
7 0.656250 0.435417 0.015625 0.014583
7 0.925000 0.445833 0.028125 0.029167
7 0.020313 0.456250 0.039062 0.037500
7 0.429688 0.464583 0.048438 0.050000
7 0.226562 0.445833 0.026562 0.027083
7 0.279687 0.466667 0.050000 0.052083
7 0.454688 0.452083 0.034375 0.035417
7 0.768750 0.460417 0.042188 0.043750
7 0.682813 0.435417 0.015625 0.016667
7 0.415625 0.441667 0.023438 0.025000
7 0.231250 0.600000 0.190625 0.197917
7 0.610938 0.431250 0.012500 0.012500
7 0.093750 0.437500 0.018750 0.020833
7 0.396875 0.543750 0.131250 0.135417
