7 0.514062 0.433333 0.018750 0.020833
7 0.259375 0.443750 0.023438 0.025000
7 0.209375 0.433333 0.012500 0.014583
7 0.421875 0.431250 0.009375 0.010417
7 0.550000 0.445833 0.025000 0.027083
7 0.328125 0.441667 0.020313 0.022917
7 0.682813 0.435417 0.014063 0.012500
7 0.515625 0.468750 0.046875 0.047917
7 0.276562 0.450000 0.028125 0.029167
7 0.189062 0.437500 0.017188 0.016667
7 0.228125 0.435417 0.015625 0.014583
7 0.000000 0.454167 0.015625 0.035417
7 0.182812 0.433333 0.012500 0.012500
7 0.343750 0.429167 0.009375 0.010417
7 0.871875 0.439583 0.018750 0.018750
7 0.707812 0.437500 0.017188 0.018750
7 0.409375 0.458333 0.035937 0.035417
7 0.407813 0.429167 0.009375 0.010417
7 0.229687 0.439583 0.017188 0.016667
7 0.287500 0.435417 0.015625 0.016667
7 0.395313 0.443750 0.021875 0.022917
7 0.239063 0.433333 0.012500 0.012500
7 0.851562 0.445833 0.025000 0.025000
7 0.325000 0.431250 0.010937 0.010417
7 0.746875 0.437500 0.017188 0.018750
7 0.328125 0.437500 0.015625 0.014583
7 0.403125 0.445833 0.025000 0.027083
7 0.218750 0.439583 0.018750 0.018750
