7 0.462500 0.483333 0.068750 0.070833
7 0.179688 0.456250 0.039062 0.039583
7 0.721875 0.454167 0.037500 0.037500
7 0.948438 0.462500 0.045312 0.047917
7 0.571875 0.441667 0.023438 0.022917
7 0.164062 0.437500 0.020313 0.020833
7 0.368750 0.441667 0.025000 0.025000
7 0.635938 0.439583 0.020313 0.022917
7 0.471875 0.437500 0.018750 0.018750
7 0.071875 0.437500 0.018750 0.018750
7 0.634375 0.458333 0.042188 0.043750
7 0.550000 0.462500 0.045312 0.047917
7 0.501563 0.433333 0.014063 0.014583
7 0.790625 0.475000 0.057813 0.060417
7 0.039062 0.479167 0.062500 0.066667
7 0.470313 0.435417 0.015625 0.014583
7 0.175000 0.437500 0.018750 0.018750
7 0.387500 0.435417 0.015625 0.014583
7 0.723437 0.489583 0.073438 0.077083
7 0.000000 0.472917 0.012500 0.060417
7 0.581250 0.456250 0.039062 0.039583
