7 0.246875 0.481250 0.045312 0.045833
7 0.110937 0.487500 0.048438 0.052083
7 0.268750 0.441667 0.015625 0.016667
7 0.378125 0.441667 0.014063 0.014583
7 0.228125 0.512500 0.065625 0.066667
7 0.337500 0.441667 0.015625 0.016667
7 0.821875 0.510417 0.064062 0.066667
7 0.515625 0.556250 0.098437 0.102083
7 0.087500 0.445833 0.017188 0.016667
7 0.560937 0.460417 0.029687 0.029167
7 0.021875 0.445833 0.017188 0.018750
7 0.534375 0.443750 0.017188 0.018750
7 0.254688 0.441667 0.015625 0.016667
7 0.000000 0.535417 0.075000 0.087500
7 0.545312 0.450000 0.020313 0.020833
7 0.593750 0.616667 0.142187 0.147917
7 0.217188 0.477083 0.040625 0.043750
