7 0.573438 0.422917 0.015625 0.014583
7 0.865625 0.506250 0.062500 0.064583
7 0.223438 0.443750 0.015625 0.016667
7 0.259375 0.443750 0.015625 0.016667
7 0.009375 0.487500 0.048438 0.050000
7 0.826562 0.464583 0.031250 0.031250
7 0.629687 0.454167 0.025000 0.025000
7 0.396875 0.441667 0.014063 0.014583
7 0.550000 0.437500 0.012500 0.014583
7 0.000000 0.495833 0.004687 0.052083
7 0.823438 0.450000 0.021875 0.022917
7 0.789062 0.468750 0.034375 0.035417
7 0.625000 0.437500 0.012500 0.010417
7 0.034375 0.445833 0.018750 0.018750
7 0.464062 0.435417 0.010937 0.012500
7 0.562500 0.439583 0.014063 0.014583
