7 0.475000 0.479167 0.031250 0.031250
7 0.510938 0.487500 0.037500 0.037500
7 0.528125 0.441667 0.010937 0.012500
7 0.689063 0.450000 0.015625 0.016667
7 0.751563 0.460417 0.021875 0.022917
7 0.103125 0.472917 0.028125 0.029167
7 0.437500 0.470833 0.026562 0.027083
7 0.220312 0.460417 0.020313 0.020833
7 0.353125 0.475000 0.029687 0.031250
7 0.425000 0.462500 0.023438 0.022917
7 0.646875 0.529167 0.059375 0.060417
7 0.656250 0.645833 0.125000 0.131250
7 0.610938 0.462500 0.021875 0.022917
7 0.975000 0.497917 0.023438 0.045833
7 0.546875 0.443750 0.010937 0.010417
7 0.367188 0.454167 0.018750 0.018750
7 0.506250 0.508333 0.046875 0.047917
7 0.929688 0.464583 0.023438 0.022917
7 0.337500 0.539583 0.064062 0.068750
7 0.489063 0.439583 0.009375 0.008333
7 0.853125 0.462500 0.021875 0.020833
7 0.029687 0.454167 0.018750 0.018750
7 0.754687 0.454167 0.018750 0.018750
7 0.229687 0.525000 0.056250 0.058333
7 0.515625 0.497917 0.042188 0.041667
