7 0.162500 0.445833 0.018750 0.018750
7 0.696875 0.443750 0.017188 0.018750
7 0.368750 0.443750 0.017188 0.016667
7 0.795312 0.452083 0.023438 0.022917
7 0.885938 0.477083 0.042188 0.043750
7 0.150000 0.487500 0.046875 0.047917
7 0.928125 0.445833 0.018750 0.018750
7 0.468750 0.439583 0.014063 0.014583
7 0.829688 0.443750 0.017188 0.018750
7 0.585938 0.443750 0.017188 0.018750
7 0.846875 0.518750 0.068750 0.070833
7 0.250000 0.443750 0.017188 0.016667
7 0.742188 0.466667 0.034375 0.033333
7 0.562500 0.439583 0.014063 0.012500
7 0.945312 0.529167 0.053125 0.083333
7 0.489063 0.447917 0.020313 0.020833
7 0.325000 0.443750 0.015625 0.016667
