7 0.901563 0.604167 0.096875 0.104167
7 0.156250 0.464583 0.023438 0.025000
7 0.526563 0.454167 0.018750 0.020833
7 0.023438 0.608333 0.101562 0.106250
7 0.000000 0.493750 0.029687 0.041667
7 0.150000 0.475000 0.028125 0.029167
7 0.131250 0.462500 0.021875 0.020833
7 0.407813 0.450000 0.015625 0.016667
7 0.506250 0.452083 0.017188 0.016667
7 0.018750 0.508333 0.046875 0.047917
7 0.215625 0.487500 0.035937 0.037500
7 0.179688 0.747917 0.179688 0.089583
7 0.214062 0.462500 0.021875 0.022917
7 0.373437 0.454167 0.017188 0.018750
7 0.285938 0.493750 0.040625 0.039583
