7 0.215625 0.447917 0.029687 0.031250
7 0.259375 0.452083 0.034375 0.033333
7 0.246875 0.431250 0.012500 0.012500
7 0.407813 0.433333 0.014063 0.012500
7 0.456250 0.435417 0.017188 0.016667
7 0.162500 0.445833 0.029687 0.029167
7 0.698438 0.510417 0.096875 0.102083
7 0.690625 0.441667 0.023438 0.022917
7 0.053125 0.452083 0.034375 0.033333
7 0.698438 0.437500 0.020313 0.020833
7 0.137500 0.443750 0.025000 0.025000
7 0.389062 0.460417 0.042188 0.043750
7 0.409375 0.485417 0.068750 0.072917
7 0.343750 0.439583 0.018750 0.020833
7 0.581250 0.443750 0.025000 0.027083
7 0.268750 0.431250 0.012500 0.012500
7 0.042188 0.439583 0.021875 0.022917
7 0.265625 0.458333 0.042188 0.041667
7 0.567187 0.435417 0.015625 0.014583
7 0.114062 0.477083 0.059375 0.062500
7 0.196875 0.431250 0.010937 0.010417
7 0.523438 0.435417 0.015625 0.014583
7 0.692187 0.564583 0.154688 0.160417
7 0.459375 0.433333 0.014063 0.014583
7 0.000000 0.479167 0.007812 0.062500
7 0.270313 0.454167 0.035937 0.039583
