7 0.387500 0.475000 0.028125 0.029167
7 0.264062 0.445833 0.012500 0.014583
7 0.446875 0.502083 0.043750 0.043750
7 0.039062 0.493750 0.039062 0.041667
7 0.595313 0.452083 0.017188 0.016667
7 0.379688 0.739583 0.175000 0.097917
7 0.148438 0.445833 0.014063 0.014583
7 0.817187 0.462500 0.021875 0.022917
7 0.635938 0.462500 0.021875 0.022917
7 0.092188 0.600000 0.100000 0.104167
7 0.246875 0.445833 0.012500 0.012500
7 0.010937 0.468750 0.026562 0.027083
7 0.168750 0.497917 0.040625 0.041667
7 0.840625 0.481250 0.032813 0.033333
7 0.117188 0.450000 0.014063 0.014583
7 0.681250 0.462500 0.023438 0.020833
7 0.084375 0.468750 0.026562 0.025000
7 0.167187 0.512500 0.050000 0.052083
