7 0.776563 0.481250 0.065625 0.068750
7 0.000000 0.491667 0.040625 0.079167
7 0.232813 0.439583 0.020313 0.020833
7 0.550000 0.435417 0.015625 0.016667
7 0.221875 0.479167 0.060937 0.064583
7 0.126562 0.447917 0.029687 0.033333
7 0.234375 0.441667 0.023438 0.025000
7 0.210938 0.437500 0.018750 0.018750
7 0.443750 0.433333 0.014063 0.014583
7 0.532813 0.433333 0.014063 0.016667
7 0.157812 0.454167 0.034375 0.035417
7 0.292187 0.447917 0.029687 0.029167
7 0.350000 0.502083 0.085938 0.089583
7 0.279687 0.437500 0.018750 0.018750
7 0.412500 0.435417 0.015625 0.014583
7 0.351562 0.450000 0.029687 0.031250
7 0.248438 0.560417 0.150000 0.156250
7 0.112500 0.456250 0.039062 0.041667
